78

-1 1
0 0
1.41421

-1 1
2 0
-1

-1 1
2 2
-1

-1 1
0 2
1.41421

-1 1
0 3
2.23607

-1 1
1 1
-1

-1 1
2 3
-1

-1 1
3 3
-1

-1 1
3 -2
-1

-1 1
5 -2
-1

-1 1
5 3
-1

-1 1
5 0
-1

0 0
2 0
2

0 0
2 2
-1

0 0
0 2
2

0 0
0 3
-1

0 0
1 1
1.41421

0 0
2 3
-1

0 0
3 3
-1

0 0
3 -2
3.60555

0 0
5 -2
-1

0 0
5 3
-1

0 0
5 0
-1

2 0
2 2
2

2 0
0 2
-1

2 0
0 3
-1

2 0
1 1
1.41421

2 0
2 3
-1

2 0
3 3
3.16228

2 0
3 -2
2.23607

2 0
5 -2
-1

2 0
5 3
-1

2 0
5 0
-1

2 2
0 2
-1

2 2
0 3
-1

2 2
1 1
1.41421

2 2
2 3
1

2 2
3 3
1.41421

2 2
3 -2
4.12311

2 2
5 -2
-1

2 2
5 3
-1

2 2
5 0
-1

0 2
0 3
1

0 2
1 1
1.41421

0 2
2 3
-1

0 2
3 3
-1

0 2
3 -2
-1

0 2
5 -2
-1

0 2
5 3
-1

0 2
5 0
-1

0 3
1 1
-1

0 3
2 3
2

0 3
3 3
-1

0 3
3 -2
-1

0 3
5 -2
-1

0 3
5 3
-1

0 3
5 0
-1

1 1
2 3
-1

1 1
3 3
-1

1 1
3 -2
-1

1 1
5 -2
-1

1 1
5 3
-1

1 1
5 0
-1

2 3
3 3
1

2 3
3 -2
5.09902

2 3
5 -2
-1

2 3
5 3
-1

2 3
5 0
-1

3 3
3 -2
5

3 3
5 -2
-1

3 3
5 3
2

3 3
5 0
-1

3 -2
5 -2
2

3 -2
5 3
-1

3 -2
5 0
-1

5 -2
5 3
5

5 -2
5 0
2

5 3
5 0
3

