120

0.5 2.5
2 2
1.58114

0.5 2.5
1.5 2.5
1

0.5 2.5
2 3
1.58114

0.5 2.5
1.5 3.5
1.41421

0.5 2.5
2.5 4
-1

0.5 2.5
3 2
-1

0.5 2.5
3 3
-1

0.5 2.5
3 4
-1

0.5 2.5
3.5 4
-1

0.5 2.5
3.5 3
-1

0.5 2.5
4.5 3.5
-1

0.5 2.5
4 4
-1

0.5 2.5
4.5 4.5
-1

0.5 2.5
5 4
-1

0.5 2.5
6 4.5
-1

2 2
1.5 2.5
0.707107

2 2
2 3
-1

2 2
1.5 3.5
-1

2 2
2.5 4
-1

2 2
3 2
1

2 2
3 3
-1

2 2
3 4
-1

2 2
3.5 4
-1

2 2
3.5 3
-1

2 2
4.5 3.5
-1

2 2
4 4
-1

2 2
4.5 4.5
-1

2 2
5 4
-1

2 2
6 4.5
-1

1.5 2.5
2 3
0.707107

1.5 2.5
1.5 3.5
1

1.5 2.5
2.5 4
-1

1.5 2.5
3 2
-1

1.5 2.5
3 3
-1

1.5 2.5
3 4
-1

1.5 2.5
3.5 4
-1

1.5 2.5
3.5 3
-1

1.5 2.5
4.5 3.5
-1

1.5 2.5
4 4
-1

1.5 2.5
4.5 4.5
-1

1.5 2.5
5 4
-1

1.5 2.5
6 4.5
-1

2 3
1.5 3.5
0.707107

2 3
2.5 4
-1

2 3
3 2
-1

2 3
3 3
-1

2 3
3 4
-1

2 3
3.5 4
-1

2 3
3.5 3
-1

2 3
4.5 3.5
-1

2 3
4 4
-1

2 3
4.5 4.5
-1

2 3
5 4
-1

2 3
6 4.5
-1

1.5 3.5
2.5 4
1.11803

1.5 3.5
3 2
-1

1.5 3.5
3 3
-1

1.5 3.5
3 4
-1

1.5 3.5
3.5 4
-1

1.5 3.5
3.5 3
-1

1.5 3.5
4.5 3.5
-1

1.5 3.5
4 4
-1

1.5 3.5
4.5 4.5
-1

1.5 3.5
5 4
-1

1.5 3.5
6 4.5
-1

2.5 4
3 2
2.06155

2.5 4
3 3
1.11803

2.5 4
3 4
0.5

2.5 4
3.5 4
-1

2.5 4
3.5 3
-1

2.5 4
4.5 3.5
-1

2.5 4
4 4
-1

2.5 4
4.5 4.5
2.06155

2.5 4
5 4
-1

2.5 4
6 4.5
-1

3 2
3 3
1

3 2
3 4
-1

3 2
3.5 4
-1

3 2
3.5 3
1.11803

3 2
4.5 3.5
2.12132

3 2
4 4
-1

3 2
4.5 4.5
-1

3 2
5 4
-1

3 2
6 4.5
3.90512

3 3
3 4
1

3 3
3.5 4
-1

3 3
3.5 3
0.5

3 3
4.5 3.5
-1

3 3
4 4
-1

3 3
4.5 4.5
-1

3 3
5 4
-1

3 3
6 4.5
-1

3 4
3.5 4
0.5

3 4
3.5 3
-1

3 4
4.5 3.5
-1

3 4
4 4
-1

3 4
4.5 4.5
1.58114

3 4
5 4
-1

3 4
6 4.5
-1

3.5 4
3.5 3
1

3.5 4
4.5 3.5
1.11803

3.5 4
4 4
0.5

3.5 4
4.5 4.5
1.11803

3.5 4
5 4
-1

3.5 4
6 4.5
-1

3.5 3
4.5 3.5
1.11803

3.5 3
4 4
1.11803

3.5 3
4.5 4.5
-1

3.5 3
5 4
-1

3.5 3
6 4.5
-1

4.5 3.5
4 4
0.707107

4.5 3.5
4.5 4.5
-1

4.5 3.5
5 4
0.707107

4.5 3.5
6 4.5
1.80278

4 4
4.5 4.5
0.707107

4 4
5 4
-1

4 4
6 4.5
-1

4.5 4.5
5 4
0.707107

4.5 4.5
6 4.5
1.5

5 4
6 4.5
1.11803

